 -15.000  -0.1065   0.17127   0.16823  -0.0674  0.9874  0.0231  -1.1427   0.0000  -0.4922
 -14.500  -0.0751   0.16413   0.16109  -0.0743  0.9813  0.0247  -1.1198   0.0000  -0.8931
 -14.000  -0.0389   0.15772   0.15466  -0.0827  0.9766  0.0267  -1.1154   0.0000  -2.1716
 -13.500  -0.0003   0.15201   0.14893  -0.0922  0.9735  0.0277  -1.1271   0.0000  -338.4231
 -13.000   0.0250   0.14636   0.14330  -0.0973  0.9609  0.0280  -1.1339   0.0000   4.5854
 -12.500   0.0500   0.14057   0.13752  -0.1022  0.9457  0.0282  -1.1376   0.0000   2.5111
 -12.000   0.0742   0.13473   0.13165  -0.1066  0.9250  0.0283  -1.1463   0.0000   1.8304
 -11.500   0.1099   0.12779   0.12467  -0.1142  0.9108  0.0285  -1.1531   0.0000   1.3840
 -11.000   0.1578   0.11976   0.11655  -0.1251  0.8960  0.0286  -1.1501   0.0000   1.1094
 -10.500   0.2292   0.10999   0.10662  -0.1429  0.8825  0.0287  -1.1316   0.0000   0.9209
 -10.000   0.2984   0.10102   0.09738  -0.1597  0.8540  0.0288  -1.1088   0.0000   0.8223
  -9.500   0.3345   0.09520   0.09128  -0.1664  0.8175  0.0288  -1.1187   0.0000   0.7795
  -9.000   0.3550   0.09073   0.08667  -0.1684  0.7901  0.0289  -1.1339   0.0000   0.7534
  -8.500   0.3748   0.08639   0.08213  -0.1702  0.7662  0.0289  -1.1490   0.0000   0.7302
  -8.000   0.3901   0.08221   0.07796  -0.1707  0.7516  0.0290  -1.1659   0.0000   0.7112
  -7.500   0.3972   0.07329   0.06902  -0.1706  0.7378  0.0315  -1.2586   0.0000   0.7014
  -7.000   0.4232   0.06976   0.06535  -0.1711  0.7203  0.0333  -1.1595   0.0000   0.6735
  -6.500   0.4373   0.06673   0.06236  -0.1698  0.7121  0.0353  -1.1157   0.0000   0.6554
  -6.000   0.4478   0.06395   0.05961  -0.1684  0.7022  0.0380  -1.0966   0.0000   0.6412
  -5.500   0.4656   0.06095   0.05658  -0.1698  0.6921  0.0433  -1.0979   0.0000   0.6278
  -5.000   0.5091   0.05917   0.05470  -0.1790  0.6795  0.0488  -1.1367   0.0000   0.6125
  -4.500   0.5447   0.05450   0.05005  -0.1844  0.6733  0.0491  -1.1701   0.0000   0.5975
  -4.000   0.5839   0.04909   0.04463  -0.1902  0.6680  0.0493  -1.2154   0.0000   0.5833
  -3.500   0.7071   0.01910   0.01324  -0.2355  0.6628  0.0376  -2.4566   0.0000   0.5888
  -3.000   0.7669   0.01758   0.01129  -0.2371  0.6554  0.0467  -2.1996   0.0000   0.5635
  -2.500   0.8276   0.01581   0.00900  -0.2388  0.6478  0.0590  -1.9253   0.0000   0.5416
  -2.000   0.8842   0.01613   0.00920  -0.2389  0.6398  0.0734  -1.5601   0.0000   0.5221
  -1.500   0.9450   0.01595   0.00882  -0.2404  0.6303  0.0935  -1.2831   0.0000   0.5053
  -1.000   0.9966   0.01608   0.00888  -0.2394  0.6272  0.1065  -1.3233   0.0000   0.4901
  -0.500   1.0488   0.01587   0.00871  -0.2389  0.6227  0.1319  -1.3662   0.0000   0.4767
   0.000   1.0997   0.01619   0.00898  -0.2378  0.6168  0.1438  -1.4089   0.0000   0.4642
   0.500   1.1533   0.01585   0.00862  -0.2376  0.6099  0.1705  -1.4534   0.0000   0.4531
   1.000   1.2058   0.01609   0.00880  -0.2369  0.6038  0.1854  -1.4975   0.0000   0.4427
   1.500   1.2604   0.01602   0.00867  -0.2370  0.5975  0.2102  -1.5424   0.0000   0.4333
   2.000   1.3159   0.01670   0.00931  -0.2373  0.5888  0.2296  -1.5909   0.0000   0.4247
   2.500   1.3660   0.01727   0.00996  -0.2367  0.5830  0.2551  -1.6373   0.0000   0.4168
   3.000   1.4125   0.01732   0.01012  -0.2350  0.5788  0.2839  -1.6833   0.0000   0.4090
   3.500   1.4592   0.01744   0.01041  -0.2335  0.5730  0.3326  -1.7291   0.0000   0.4018
   4.000   1.5029   0.01695   0.01087  -0.2315  0.5669  1.0000  -1.7734   0.0000   0.3948
   4.500   1.5514   0.01734   0.01118  -0.2303  0.5606  1.0000  -1.8271   0.0000   0.3883
   5.000   1.6001   0.01763   0.01139  -0.2291  0.5537  1.0000  -1.8842   0.0000   0.3822
   5.500   1.6523   0.01830   0.01196  -0.2289  0.5441  1.0000  -1.9490   0.0000   0.3765
   6.000   1.6950   0.01926   0.01299  -0.2270  0.5365  1.0000  -2.0128   0.0000   0.3710
   6.500   1.7277   0.01953   0.01335  -0.2229  0.5313  1.0000  -2.0736   0.0000   0.3651
   7.000   1.7597   0.01986   0.01376  -0.2186  0.5236  1.0000  -2.1388   0.0000   0.3594
   7.500   1.7965   0.02019   0.01413  -0.2154  0.5154  1.0000  -2.2174   0.0000   0.3541
   8.000   1.8350   0.02043   0.01435  -0.2125  0.5062  1.0000  -2.3021   0.0000   0.3489
   8.500   1.8845   0.02140   0.01529  -0.2122  0.4928  1.0000  -2.4093   0.0000   0.3447
   9.000   1.8999   0.02207   0.01615  -0.2054  0.4873  1.0000  -2.4829   0.0000   0.3392
   9.500   1.9192   0.02298   0.01722  -0.1998  0.4783  1.0000  -2.5706   0.0000   0.3341
  10.000   1.9430   0.02378   0.01811  -0.1950  0.4666  1.0000  -2.6655   0.0000   0.3293
  10.500   1.9761   0.02469   0.01893  -0.1920  0.4517  1.0000  -2.7882   0.0000   0.3250
  11.000   1.9836   0.02663   0.02110  -0.1856  0.4417  1.0000  -2.8757   0.0000   0.3203
  11.500   1.9896   0.02892   0.02354  -0.1796  0.4282  1.0000  -2.9645   0.0000   0.3158
  12.000   2.0002   0.03124   0.02581  -0.1746  0.4114  1.0000  -3.0768   0.0000   0.3116
  12.500   2.0008   0.03470   0.02945  -0.1693  0.3963  1.0000  -3.1702   0.0000   0.3078
  13.000   1.9957   0.03886   0.03368  -0.1641  0.3771  1.0000  -3.2561   0.0000   0.3041
  13.500   1.9922   0.04340   0.03824  -0.1597  0.3573  1.0000  -3.3618   0.0000   0.3007
  14.000   1.9790   0.04940   0.04434  -0.1555  0.3371  1.0000  -3.4451   0.0000   0.2978
  14.500   1.9610   0.05620   0.05114  -0.1516  0.3138  1.0000  -3.5161   0.0000   0.2952
  15.000   1.9402   0.06371   0.05864  -0.1484  0.2905  1.0000  -3.5789   0.0000   0.2930
  15.500   1.9290   0.07029   0.06529  -0.1460  0.2702  1.0000  -3.6624   0.0000   0.2908
  16.000   1.9054   0.07862   0.07371  -0.1439  0.2485  1.0000  -3.7144   0.0000   0.2893
  16.500   1.8982   0.08528   0.08048  -0.1426  0.2300  1.0000  -3.8319   0.0000   0.2875
  17.000   1.8742   0.09428   0.08941  -0.1417  0.2093  1.0000  -3.8980   0.0000   0.2866
  17.500   1.8740   0.10020   0.09549  -0.1413  0.1945  1.0000  -4.0346   0.0000   0.2850
  18.000   1.8564   0.10851   0.10380  -0.1415  0.1786  1.0000  -4.1150   0.0000   0.2843
  18.500   1.8536   0.11469   0.11007  -0.1417  0.1641  1.0000  -4.2538   0.0000   0.2831
  19.000   1.8492   0.12109   0.11654  -0.1425  0.1508  1.0000  -4.4142   0.0000   0.2822
  19.500   1.8340   0.12889   0.12431  -0.1438  0.1350  1.0000  -4.5256   0.0000   0.2821
  20.000   1.8342   0.13440   0.13003  -0.1453  0.1261  1.0000  -4.7211   0.0000   0.2814