 -15.000  -0.2541   0.18415   0.18081  -0.0349  1.0000  0.0256  -1.2568   0.0000   0.0725
 -14.500  -0.2462   0.17933   0.17603  -0.0352  1.0000  0.0256  -1.2679   0.0000   0.0671
 -14.000  -0.2397   0.17459   0.17135  -0.0352  1.0000  0.0256  -1.2809   0.0000   0.0637
 -13.500  -0.2351   0.17001   0.16679  -0.0348  1.0000  0.0257  -1.2960   0.0000   0.0636
 -13.000  -0.2329   0.16563   0.16247  -0.0339  1.0000  0.0257  -1.3130   0.0000   0.0676
 -12.600  -0.2331   0.16232   0.15922  -0.0326  1.0000  0.0257  -1.3279   0.0000   0.0743
 -12.000  -0.1942   0.15239   0.14928  -0.0419  0.9958  0.0257  -1.3344   0.0000  -0.0077
 -11.500  -0.1615   0.14401   0.14090  -0.0497  0.9912  0.0258  -1.3421   0.0000  -0.1067
 -11.000  -0.1459   0.12914   0.12605  -0.0571  0.9883  0.0280  -1.5251   0.0000  -0.1956
 -10.500  -0.1113   0.12215   0.11907  -0.0623  0.9822  0.0291  -1.4320   0.0000  -0.3786
 -10.000  -0.0738   0.11516   0.11209  -0.0691  0.9771  0.0303  -1.3526   0.0000  -0.7855
  -9.500  -0.0392   0.10813   0.10507  -0.0757  0.9702  0.0317  -1.2995   0.0000  -1.8616
  -9.000  -0.0074   0.10108   0.09803  -0.0824  0.9609  0.0335  -1.2697   0.0000  -11.7760
  -8.600   0.0225   0.09494   0.09189  -0.0895  0.9567  0.0352  -1.2575   0.0000   4.5215
  -8.000   0.0516   0.08651   0.08349  -0.0964  0.9392  0.0379  -1.2750   0.0000   2.2368
  -7.500   0.0795   0.07873   0.07572  -0.1042  0.9256  0.0410  -1.3173   0.0000   1.6338
  -7.000   0.1271   0.07220   0.06914  -0.1160  0.9113  0.0456  -1.3149   0.0000   1.2058
  -6.500   0.1659   0.06266   0.05955  -0.1290  0.8911  0.0460  -1.3855   0.0000   1.0588
  -6.000   0.2021   0.04718   0.04382  -0.1549  0.8630  0.0461  -1.6266   0.0000   1.0406
  -5.500   0.2374   0.02048   0.01508  -0.1857  0.8337  0.0232  -2.4862   0.0000   1.0524
  -5.000   0.3023   0.01660   0.01054  -0.1891  0.8093  0.0230  -2.3476   0.0000   0.8900
  -4.500   0.3649   0.01462   0.00816  -0.1907  0.7840  0.0244  -2.1320   0.0000   0.7831
  -4.000   0.4347   0.01300   0.00616  -0.1938  0.7574  0.0340  -1.8876   0.0000   0.7035
  -3.500   0.4907   0.01249   0.00558  -0.1937  0.7351  0.0426  -1.5862   0.0000   0.6503
  -3.000   0.5578   0.01136   0.00468  -0.1966  0.7091  0.1717  -1.3390   0.0000   0.6061
  -2.500   0.6142   0.01117   0.00471  -0.1966  0.6839  0.2730  -1.1309   0.0000   0.5724
  -2.000   0.6704   0.01139   0.00488  -0.1963  0.6607  0.3275  -1.0556   0.0000   0.5439
  -1.500   0.7244   0.01166   0.00508  -0.1955  0.6386  0.3608  -1.1121   0.0000   0.5198
  -1.000   0.7795   0.01182   0.00516  -0.1950  0.6148  0.3924  -1.1694   0.0000   0.4991
  -0.500   0.8328   0.01201   0.00525  -0.1940  0.5936  0.4145  -1.2262   0.0000   0.4810
   0.000   0.8881   0.01226   0.00531  -0.1937  0.5700  0.4387  -1.2911   0.0000   0.4653
   0.500   0.9419   0.01236   0.00548  -0.1931  0.5553  0.4635  -1.3569   0.0000   0.4513
   1.000   0.9945   0.01266   0.00564  -0.1922  0.5348  0.4907  -1.4224   0.0000   0.4388
   1.500   1.0483   0.01295   0.00595  -0.1916  0.5166  0.5231  -1.4891   0.0000   0.4275
   2.000   1.1012   0.01315   0.00617  -0.1909  0.5015  0.5573  -1.5618   0.0000   0.4173
   2.400   1.1416   0.01349   0.00642  -0.1900  0.4872  0.5891  -1.6217   0.0000   0.4097
   3.000   1.2047   0.01396   0.00697  -0.1892  0.4691  0.6478  -1.7139   0.0000   0.3994
   3.500   1.2540   0.01416   0.00731  -0.1877  0.4554  0.7053  -1.7896   0.0000   0.3913
   4.000   1.2986   0.01455   0.00773  -0.1854  0.4388  0.7799  -1.8648   0.0000   0.3836
   4.500   1.3319   0.01475   0.00819  -0.1805  0.4243  1.0000  -1.9365   0.0000   0.3756
   5.000   1.3826   0.01516   0.00859  -0.1798  0.4150  1.0000  -2.0262   0.0000   0.3693
   5.500   1.4294   0.01572   0.00903  -0.1782  0.4011  1.0000  -2.1133   0.0000   0.3631
   6.000   1.4743   0.01672   0.00980  -0.1766  0.3806  1.0000  -2.1983   0.0000   0.3574
   6.500   1.5174   0.01719   0.01035  -0.1744  0.3740  1.0000  -2.2957   0.0000   0.3517
   7.000   1.5588   0.01780   0.01098  -0.1720  0.3636  1.0000  -2.3923   0.0000   0.3462
   7.500   1.5950   0.01863   0.01171  -0.1688  0.3507  1.0000  -2.4841   0.0000   0.3409
   8.000   1.6334   0.01983   0.01280  -0.1663  0.3336  1.0000  -2.5774   0.0000   0.3359
   8.500   1.6686   0.02056   0.01384  -0.1630  0.3269  1.0000  -2.6691   0.0000   0.3310
   9.000   1.7028   0.02151   0.01485  -0.1599  0.3169  1.0000  -2.7739   0.0000   0.3262
   9.500   1.7299   0.02283   0.01612  -0.1559  0.3052  1.0000  -2.8709   0.0000   0.3215
  10.000   1.7618   0.02450   0.01777  -0.1529  0.2906  1.0000  -2.9727   0.0000   0.3172
  10.500   1.7875   0.02577   0.01921  -0.1491  0.2846  1.0000  -3.0693   0.0000   0.3128
  11.000   1.8114   0.02740   0.02095  -0.1454  0.2752  1.0000  -3.1639   0.0000   0.3086
  11.500   1.8295   0.02958   0.02312  -0.1413  0.2649  1.0000  -3.2654   0.0000   0.3046
  12.000   1.8498   0.03223   0.02576  -0.1379  0.2501  1.0000  -3.3676   0.0000   0.3008
  12.500   1.8671   0.03458   0.02846  -0.1345  0.2460  1.0000  -3.4681   0.0000   0.2972
  13.000   1.8816   0.03730   0.03137  -0.1313  0.2384  1.0000  -3.5639   0.0000   0.2938
  13.500   1.8887   0.04069   0.03483  -0.1280  0.2289  1.0000  -3.6465   0.0000   0.2906
  14.000   1.8898   0.04509   0.03923  -0.1248  0.2174  1.0000  -3.7269   0.0000   0.2877
  14.500   1.9029   0.04882   0.04316  -0.1227  0.2098  1.0000  -3.8354   0.0000   0.2850
  15.000   1.9075   0.05355   0.04816  -0.1210  0.2049  1.0000  -3.9270   0.0000   0.2827
  15.500   1.9086   0.05895   0.05375  -0.1197  0.1980  1.0000  -4.0100   0.0000   0.2807
  16.000   1.9061   0.06486   0.05972  -0.1187  0.1893  1.0000  -4.0919   0.0000   0.2789
  16.500   1.9022   0.07090   0.06578  -0.1175  0.1759  1.0000  -4.1792   0.0000   0.2772
  17.000   1.8982   0.07737   0.07255  -0.1179  0.1732  1.0000  -4.2669   0.0000   0.2761
  17.500   1.8892   0.08453   0.07999  -0.1188  0.1684  1.0000  -4.3561   0.0000   0.2755
  18.000   1.8760   0.09223   0.08791  -0.1203  0.1623  1.0000  -4.4344   0.0000   0.2753
  18.500   1.8690   0.09855   0.09436  -0.1219  0.1548  1.0000  -4.5328   0.0000   0.2750
  19.000   1.8595   0.10458   0.10044  -0.1231  0.1429  1.0000  -4.6158   0.0000   0.2746
  19.500   1.8440   0.11308   0.10924  -0.1267  0.1400  1.0000  -4.7394   0.0000   0.2756
  20.000   1.8195   0.12343   0.11987  -0.1313  0.1348  1.0000  -4.8157   0.0000   0.2775