 -15.000  -0.2350   0.18692   0.18392  -0.0361  1.0000  0.0272  -1.3388   0.0000   0.0536
 -14.800  -0.2344   0.18548   0.18251  -0.0357  1.0000  0.0272  -1.3457   0.0000   0.0557
 -14.000  -0.1852   0.17363   0.17065  -0.0476  0.9948  0.0274  -1.3485   0.0000  -0.0595
 -13.500  -0.1536   0.16612   0.16313  -0.0552  0.9906  0.0274  -1.3516   0.0000  -0.1714
 -13.000  -0.1202   0.15845   0.15545  -0.0632  0.9876  0.0275  -1.3621   0.0000  -0.3546
 -12.500  -0.0899   0.15078   0.14778  -0.0699  0.9814  0.0275  -1.3703   0.0000  -0.6313
 -12.000  -0.0553   0.14279   0.13979  -0.0779  0.9764  0.0276  -1.3750   0.0000  -1.3238
 -11.500  -0.0178   0.13464   0.13159  -0.0866  0.9731  0.0277  -1.3795   0.0000  -5.1164
 -11.000   0.0069   0.12757   0.12453  -0.0912  0.9608  0.0277  -1.4010   0.0000  14.7766
 -10.500   0.0433   0.11957   0.11653  -0.0993  0.9554  0.0278  -1.4181   0.0000   2.7421
 -10.000   0.0662   0.11276   0.10974  -0.1032  0.9383  0.0278  -1.4394   0.0000   1.9348
  -9.500   0.0790   0.10013   0.09715  -0.1081  0.9256  0.0300  -1.6165   0.0000   1.7205
  -9.000   0.1239   0.09390   0.09090  -0.1130  0.9131  0.0321  -1.4457   0.0000   1.2249
  -8.500   0.1793   0.08698   0.08391  -0.1233  0.9007  0.0353  -1.3369   0.0000   0.9803
  -8.000   0.2497   0.07892   0.07571  -0.1400  0.8823  0.0414  -1.2884   0.0000   0.8407
  -7.500   0.3090   0.07454   0.07109  -0.1552  0.8476  0.0475  -1.3080   0.0000   0.7758
  -7.000   0.3322   0.06957   0.06596  -0.1589  0.8150  0.0478  -1.3347   0.0000   0.7487
  -6.500   0.3431   0.06502   0.06133  -0.1598  0.7889  0.0480  -1.3761   0.0000   0.7338
  -6.000   0.3635   0.05944   0.05559  -0.1640  0.7647  0.0481  -1.4305   0.0000   0.7168
  -5.500   0.3731   0.05211   0.04824  -0.1668  0.7479  0.0473  -1.5572   0.0000   0.7109
  -5.000   0.4259   0.02142   0.01628  -0.2105  0.7314  0.0364  -2.7026   0.0000   0.7558
  -4.500   0.4924   0.01783   0.01195  -0.2153  0.7164  0.0396  -2.5125   0.0000   0.6961
  -4.000   0.5490   0.01630   0.01005  -0.2160  0.7052  0.0452  -2.2429   0.0000   0.6504
  -3.500   0.6086   0.01491   0.00822  -0.2170  0.6925  0.0496  -1.9804   0.0000   0.6118
  -3.000   0.6736   0.01375   0.00669  -0.2191  0.6754  0.0636  -1.7084   0.0000   0.5792
  -2.500   0.7293   0.01307   0.00602  -0.2191  0.6673  0.0967  -1.4397   0.0000   0.5530
  -2.000   0.7850   0.01290   0.00589  -0.2189  0.6571  0.1397  -1.1631   0.0000   0.5303
  -1.500   0.8412   0.01287   0.00584  -0.2189  0.6461  0.1790  -1.1646   0.0000   0.5106
  -1.000   0.9007   0.01319   0.00608  -0.2196  0.6312  0.2194  -1.2150   0.0000   0.4932
  -0.500   0.9533   0.01323   0.00611  -0.2188  0.6232  0.2496  -1.2619   0.0000   0.4780
   0.000   1.0066   0.01324   0.00620  -0.2182  0.6139  0.2836  -1.3125   0.0000   0.4643
   0.500   1.0610   0.01328   0.00626  -0.2178  0.6039  0.3244  -1.3671   0.0000   0.4520
   1.000   1.1165   0.01354   0.00641  -0.2176  0.5913  0.3636  -1.4228   0.0000   0.4408
   1.500   1.1716   0.01378   0.00676  -0.2176  0.5800  0.4262  -1.4826   0.0000   0.4308
   2.000   1.2230   0.01373   0.00704  -0.2168  0.5719  0.5340  -1.5431   0.0000   0.4215
   2.500   1.2620   0.01320   0.00723  -0.2129  0.5620  1.0000  -1.5955   0.0000   0.4121
   3.000   1.3137   0.01354   0.00735  -0.2120  0.5493  1.0000  -1.6631   0.0000   0.4039
   3.500   1.3690   0.01423   0.00789  -0.2121  0.5360  1.0000  -1.7354   0.0000   0.3966
   4.000   1.4155   0.01448   0.00816  -0.2103  0.5284  1.0000  -1.8021   0.0000   0.3894
   4.500   1.4615   0.01475   0.00840  -0.2084  0.5169  1.0000  -1.8749   0.0000   0.3826
   5.000   1.5083   0.01518   0.00870  -0.2067  0.5047  1.0000  -1.9526   0.0000   0.3762
   5.500   1.5587   0.01591   0.00935  -0.2060  0.4905  1.0000  -2.0333   0.0000   0.3704
   6.000   1.5963   0.01622   0.00975  -0.2026  0.4814  1.0000  -2.1104   0.0000   0.3643
   6.500   1.6343   0.01667   0.01020  -0.1993  0.4693  1.0000  -2.1924   0.0000   0.3584
   7.000   1.6720   0.01736   0.01078  -0.1962  0.4547  1.0000  -2.2747   0.0000   0.3529
   7.500   1.7095   0.01808   0.01155  -0.1932  0.4424  1.0000  -2.3607   0.0000   0.3476
   8.000   1.7406   0.01875   0.01233  -0.1890  0.4304  1.0000  -2.4496   0.0000   0.3423
   8.500   1.7702   0.01967   0.01319  -0.1848  0.4161  1.0000  -2.5374   0.0000   0.3371
   9.000   1.8014   0.02082   0.01438  -0.1812  0.4009  1.0000  -2.6269   0.0000   0.3323
   9.500   1.8258   0.02192   0.01562  -0.1766  0.3886  1.0000  -2.7182   0.0000   0.3274
  10.000   1.8452   0.02347   0.01713  -0.1715  0.3730  1.0000  -2.8085   0.0000   0.3227
  10.500   1.8666   0.02526   0.01895  -0.1672  0.3578  1.0000  -2.9009   0.0000   0.3182
  11.000   1.8853   0.02713   0.02098  -0.1628  0.3456  1.0000  -2.9902   0.0000   0.3139
  11.500   1.8924   0.02991   0.02369  -0.1575  0.3280  1.0000  -3.0736   0.0000   0.3097
  12.000   1.9059   0.03264   0.02653  -0.1535  0.3141  1.0000  -3.1707   0.0000   0.3059
  12.500   1.9157   0.03575   0.02978  -0.1496  0.3015  1.0000  -3.2621   0.0000   0.3023
  13.000   1.9141   0.04006   0.03404  -0.1452  0.2848  1.0000  -3.3330   0.0000   0.2988
  13.500   1.9235   0.04385   0.03801  -0.1422  0.2725  1.0000  -3.4371   0.0000   0.2957
  14.000   1.9243   0.04869   0.04295  -0.1394  0.2594  1.0000  -3.5291   0.0000   0.2930
  14.500   1.9172   0.05450   0.04884  -0.1364  0.2430  1.0000  -3.6032   0.0000   0.2904
  15.000   1.9234   0.05923   0.05382  -0.1346  0.2341  1.0000  -3.7141   0.0000   0.2880
  15.500   1.9195   0.06526   0.06002  -0.1330  0.2231  1.0000  -3.8148   0.0000   0.2860
  16.000   1.9084   0.07200   0.06670  -0.1315  0.2080  1.0000  -3.8969   0.0000   0.2842
  16.500   1.9057   0.07825   0.07317  -0.1307  0.1984  1.0000  -3.9980   0.0000   0.2826
  17.000   1.9049   0.08447   0.07960  -0.1303  0.1896  1.0000  -4.1041   0.0000   0.2810
  17.500   1.8902   0.09263   0.08778  -0.1305  0.1781  1.0000  -4.1891   0.0000   0.2803
  18.000   1.8893   0.09861   0.09383  -0.1305  0.1657  1.0000  -4.3220   0.0000   0.2789
  18.500   1.8790   0.10653   0.10205  -0.1318  0.1592  1.0000  -4.4221   0.0000   0.2785
  19.000   1.8741   0.11333   0.10894  -0.1330  0.1501  1.0000  -4.5668   0.0000   0.2779
  19.500   1.8672   0.12002   0.11558  -0.1342  0.1375  1.0000  -4.7100   0.0000   0.2773
  20.000   1.8588   0.12737   0.12321  -0.1364  0.1321  1.0000  -4.8437   0.0000   0.2773