 -14.800  -0.2994   0.19703   0.19383  -0.0182  1.0000  0.0170  -1.1831   0.0000   0.1680
 -14.500  -0.2930   0.19415   0.19097  -0.0186  1.0000  0.0170  -1.1852   0.0000   0.1654
 -14.000  -0.2826   0.18937   0.18621  -0.0192  1.0000  0.0171  -1.1887   0.0000   0.1611
 -13.500  -0.2727   0.18467   0.18154  -0.0196  1.0000  0.0171  -1.1928   0.0000   0.1573
 -13.000  -0.2634   0.18007   0.17698  -0.0199  1.0000  0.0171  -1.1979   0.0000   0.1541
 -12.500  -0.2548   0.17556   0.17252  -0.0200  1.0000  0.0171  -1.2039   0.0000   0.1514
 -12.000  -0.2469   0.17117   0.16817  -0.0199  1.0000  0.0171  -1.2107   0.0000   0.1496
 -11.500  -0.2398   0.16689   0.16395  -0.0196  1.0000  0.0171  -1.2182   0.0000   0.1488
 -11.000  -0.2081   0.16023   0.15728  -0.0263  0.9966  0.0171  -1.2145   0.0000   0.1013
 -10.500  -0.1642   0.15230   0.14932  -0.0362  0.9905  0.0171  -1.2054   0.0000   0.0004
 -10.000  -0.1300   0.14530   0.14232  -0.0432  0.9853  0.0171  -1.2016   0.0000  -0.1187
  -9.700  -0.1094   0.14114   0.13814  -0.0474  0.9824  0.0172  -1.1997   0.0000  -0.2263
  -9.600  -0.1019   0.13973   0.13673  -0.0490  0.9817  0.0172  -1.1988   0.0000  -0.2767
  -8.200  -0.0186   0.11643   0.11347  -0.0651  0.9634  0.0180  -1.3140   0.0000  -3.4879
  -8.000  -0.0012   0.11311   0.11016  -0.0674  0.9616  0.0183  -1.2694   0.0000  -57.9080
  -7.500   0.0332   0.10647   0.10354  -0.0716  0.9534  0.0188  -1.1812   0.0000   2.5336
  -7.000   0.0732   0.09989   0.09697  -0.0779  0.9461  0.0195  -1.1057   0.0000   1.3691
  -6.500   0.1003   0.09433   0.09145  -0.0809  0.9326  0.0202  -1.0610   0.0000   1.0943
  -6.000   0.1293   0.08871   0.08584  -0.0846  0.9183  0.0210  -1.0260   0.0000   0.9303
  -5.500   0.1564   0.08324   0.08039  -0.0876  0.9004  0.0219  -1.0019   0.0000   0.8299
  -5.000   0.1726   0.07855   0.07572  -0.0878  0.8715  0.0229  -0.9939   0.0000   0.7744
  -4.500   0.2193   0.07173   0.06880  -0.0960  0.8376  0.0245  -0.9757   0.0000   0.6991
  -4.000   0.3415   0.06099   0.05754  -0.1255  0.7554  0.0286  -0.9867   0.0000   0.6244
  -3.500   0.3865   0.05691   0.05280  -0.1336  0.6459  0.0298  -1.0025   0.0000   0.6006
  -3.000   0.4183   0.05232   0.04789  -0.1383  0.5901  0.0300  -1.0265   0.0000   0.5841
  -2.500   0.4707   0.04288   0.03823  -0.1518  0.5568  0.0323  -1.1311   0.0000   0.5748
  -2.000   0.5325   0.03890   0.03397  -0.1599  0.5267  0.0359  -1.0473   0.0000   0.5513
  -1.500   0.9244   0.01758   0.00993  -0.2509  0.4897  0.0287  -1.2694   0.0000   0.5215
  -1.000   1.0141   0.01632   0.00836  -0.2583  0.4752  0.0352  -1.3475   0.0000   0.5039
  -0.500   1.0808   0.01651   0.00830  -0.2605  0.4580  0.0442  -1.4126   0.0000   0.4893
   0.000   1.1600   0.01628   0.00788  -0.2650  0.4471  0.0454  -1.4853   0.0000   0.4760
   0.500   1.2383   0.01620   0.00816  -0.2696  0.4374  0.2869  -1.5611   0.0000   0.4645
   1.000   1.2932   0.01677   0.00870  -0.2692  0.4283  0.3356  -1.6268   0.0000   0.4540
   1.500   1.3619   0.01760   0.00934  -0.2717  0.4172  0.3585  -1.7009   0.0000   0.4446
   2.000   1.4192   0.01782   0.00971  -0.2718  0.4133  0.3936  -1.7688   0.0000   0.4357
   2.500   1.4754   0.01817   0.01015  -0.2717  0.4075  0.4414  -1.8366   0.0000   0.4275
   3.000   1.5339   0.01861   0.01073  -0.2721  0.4017  0.5169  -1.9061   0.0000   0.4199
   3.500   1.5921   0.01910   0.01142  -0.2725  0.3961  0.6394  -1.9761   0.0000   0.4128
   4.000   1.6380   0.01942   0.01205  -0.2701  0.3904  0.8873  -2.0381   0.0000   0.4056
   4.500   1.6991   0.02060   0.01319  -0.2713  0.3825  1.0000  -2.1152   0.0000   0.3996
   5.000   1.7496   0.02120   0.01382  -0.2702  0.3797  1.0000  -2.1899   0.0000   0.3934
   5.500   1.7972   0.02177   0.01445  -0.2685  0.3759  1.0000  -2.2675   0.0000   0.3875
   6.000   1.8454   0.02247   0.01519  -0.2669  0.3714  1.0000  -2.3571   0.0000   0.3818
   6.500   1.8904   0.02312   0.01588  -0.2648  0.3659  1.0000  -2.4509   0.0000   0.3763
   7.000   1.9334   0.02382   0.01659  -0.2622  0.3604  1.0000  -2.5461   0.0000   0.3709
   7.500   1.9793   0.02478   0.01763  -0.2604  0.3529  1.0000  -2.6624   0.0000   0.3658
   8.000   2.0312   0.02612   0.01908  -0.2601  0.3464  1.0000  -2.8264   0.0000   0.3613
   8.500   2.0616   0.02677   0.01991  -0.2551  0.3426  1.0000  -2.9739   0.0000   0.3560
   9.000   2.0900   0.02744   0.02074  -0.2498  0.3365  1.0000  -3.1212   0.0000   0.3508
   9.500   2.1192   0.02820   0.02159  -0.2448  0.3298  1.0000  -3.2725   0.0000   0.3457
  10.000   2.1462   0.02912   0.02258  -0.2396  0.3207  1.0000  -3.4231   0.0000   0.3408
  10.500   2.1742   0.03039   0.02400  -0.2349  0.3122  1.0000  -3.5760   0.0000   0.3361
  11.000   2.1943   0.03153   0.02540  -0.2287  0.3062  1.0000  -3.7164   0.0000   0.3312
  11.500   2.2151   0.03284   0.02689  -0.2230  0.2985  1.0000  -3.8723   0.0000   0.3265
  12.000   2.2329   0.03447   0.02860  -0.2172  0.2898  1.0000  -4.0314   0.0000   0.3219
  12.500   2.2499   0.03654   0.03084  -0.2117  0.2809  1.0000  -4.1893   0.0000   0.3175
  13.000   2.2642   0.03863   0.03328  -0.2061  0.2714  1.0000  -4.3426   0.0000   0.3133
  13.500   2.2669   0.04165   0.03635  -0.1997  0.2577  1.0000  -4.4717   0.0000   0.3091
  14.000   2.2668   0.04548   0.04035  -0.1939  0.2390  1.0000  -4.5933   0.0000   0.3053
  14.500   2.2511   0.05126   0.04616  -0.1880  0.2162  1.0000  -4.6754   0.0000   0.3019
  15.000   2.2217   0.05956   0.05449  -0.1831  0.1935  1.0000  -4.7185   0.0000   0.2994
  15.500   2.1805   0.07059   0.06561  -0.1803  0.1745  1.0000  -4.7230   0.0000   0.2983
  16.000   2.1424   0.08228   0.07750  -0.1798  0.1587  1.0000  -4.7258   0.0000   0.2980
  16.500   2.0904   0.09659   0.09200  -0.1815  0.1467  1.0000  -4.6790   0.0000   0.2994
  17.000   2.0482   0.10955   0.10515  -0.1841  0.1348  1.0000  -4.6503   0.0000   0.3010
  
